24 142 130 26 25
34 96 159 20 5
29 51 278 7 23
26 90 191 24 10
26 68 102 25 13
21 60 157 0 20
18 200 284 13 26
25 37 106 8 9
25 255 170 19 25
20 52 32 4 19
12 249 80 3 11
40 135 77 26 8
15 66 112 7 18
38 266 275 1 29
25 41 108 13 14
32 233 112 13 26
19 97 101 4 23
24 278 222 23 0
42 240 162 19 24
29 161 213 15 16
34 43 49 24 26
24 264 279 19 21
24 236 200 8 1
37 125 213 26 0
37 108 187 13 6
31 74 165 15 24
39 107 40 28 27
27 73 152 28 4
19 266 18 1 20
29 89 245 7 28
20 163 61 4 14
22 16 282 2 13
33 190 138 20 7
13 30 106 9 17
22 172 28 12 26
37 261 70 27 20
34 278 81 6 2
22 262 66 23 14
33 281 231 21 13
45 197 252 1 10
20 101 240 9 4
33 224 168 27 11
21 58 81 21 27
29 231 278 13 26
44 124 250 1 7
30 150 196 27 13
33 85 140 18 0
40 136 78 4 17
27 166 183 13 19
36 210 201 0 11
45 133 204 9 5
21 101 60 25 7
17 15 172 10 8
17 173 282 5 11
20 144 225 0 22
20 229 185 7 13
20 142 62 28 13
27 60 189 8 7
24 235 131 2 25
13 274 92 2 27
15 82 284 29 2
22 127 30 1 13
16 78 236 17 23
18 198 223 3 19
19 203 42 1 0
18 19 221 0 0
20 183 113 23 24
25 254 81 26 11
36 49 184 0 4
29 255 69 3 5
21 86 261 15 13
24 102 185 11 17
31 231 45 4 12
20 240 118 8 19
35 20 63 8 16
32 85 196 10 7
40 52 184 2 24
21 27 263 23 4
23 153 234 22 7
23 227 201 13 16
21 209 182 28 0
31 194 251 29 7
19 98 281 16 6
23 188 268 11 9
26 254 38 16 15
21 198 56 25 4
24 39 75 24 5
17 52 252 5 17
16 212 133 12 3
28 93 88 21 6
25 100 121 27 29
43 125 144 29 11
23 42 243 16 1
43 269 54 10 14
39 103 136 23 14
23 284 119 13 15
39 172 76 25 23
36 140 269 28 24
30 28 57 5 15
34 226 266 0 1
32 30 119 27 21
23 195 249 14 2
26 49 97 18 28
21 217 158 25 13
19 155 53 11 29
33 272 65 17 3
50 135 109 15 15
27 56 264 5 18
15 207 37 3 8
20 137 142 1 21
27 184 246 26 2
26 202 215 9 24
18 85 231 7 12
21 55 199 27 26
31 91 266 11 15
29 279 253 6 20
22 124 205 16 13
25 131 135 4 26
17 192 197 9 16
24 280 259 20 5
24 58 95 3 24
28 214 281 11 18
22 151 250 25 13
17 78 254 26 20
27 112 58 0 6
20 245 119 19 11
29 83 242 25 17
28 223 34 24 4
33 163 244 21 25
23 146 80 12 13
48 139 229 6 17
23 68 62 27 18
21 236 43 9 7
19 254 139 16 27
23 212 147 10 18
24 218 152 21 12
18 101 155 23 24
21 73 201 18 14
19 239 110 14 5
30 186 243 27 24
30 34 209 27 27
35 200 190 24 4
22 16 17 29 29
23 84 288 18 13
52 253 236 8 24
32 54 176 5 19
38 59 38 10 18
17 251 77 14 10
14 197 138 29 19
18 68 48 2 26
18 192 34 4 14
32 53 252 22 9
23 110 177 26 20
26 55 20 21 22
17 276 117 21 9
10 52 178 22 10
25 238 246 1 14
24 39 175 4 25
28 109 62 19 16
24 258 133 8 17
14 98 275 12 22
37 277 169 13 7
24 98 136 2 21
38 50 167 6 10
12 200 221 14 0
27 257 162 20 9
31 107 157 0 23
14 132 54 1 27
21 251 38 17 3
21 52 114 12 28
23 116 156 27 18
24 68 135 19 18
36 206 103 2 13
24 234 237 15 17
30 20 171 12 5
21 211 152 5 19
25 215 28 14 23
27 193 165 13 29
34 177 107 13 5
20 235 59 18 28
21 37 149 29 16
25 200 238 23 22
41 165 120 10 21
31 207 32 20 25
26 116 40 10 7
22 203 72 8 29
19 113 246 25 15
36 107 160 21 26
24 138 244 23 5
24 168 234 16 12
29 238 190 23 13
27 135 193 11 13
23 26 86 24 7
35 117 226 7 21
32 107 121 8 25
18 287 196 27 5
30 188 173 21 6
24 140 66 17 15
24 159 32 3 8
33 247 99 29 10
28 132 140 19 11
22 57 75 21 5
30 265 91 15 18
26 241 284 6 26
18 216 213 15 15
31 271 254 25 21
43 56 191 12 19
42 178 118 4 23
22 119 168 2 4
18 67 202 12 25
32 30 41 28 10
19 247 38 3 13
10 281 212 27 8
16 75 227 10 22
11 63 149 22 11
28 52 221 12 9
30 52 137 25 29
27 166 77 5 29
22 181 97 19 15
40 37 238 5 11
19 240 118 6 28
17 247 79 5 18
15 280 72 12 25
38 55 238 22 1
21 121 223 3 12
33 210 89 18 22
34 189 144 17 7
39 274 123 25 8
16 128 107 20 25
20 209 19 6 4
39 177 48 23 21
35 91 181 23 22
19 275 197 4 15
19 48 50 29 29
28 211 190 5 18
31 132 165 27 3
29 46 268 12 11
29 262 92 27 25
23 174 208 27 3
22 176 108 16 19
33 269 191 8 16
24 236 239 15 29
35 80 89 10 13
19 32 144 22 2
30 138 19 3 18
26 121 171 2 20
30 116 246 0 16
31 236 233 2 8
23 115 274 26 12
36 28 81 10 22
19 153 27 7 27
25 214 61 17 16
23 264 244 22 25
28 125 273 6 17
31 217 94 26 8
34 276 99 5 24
26 240 32 27 1
23 76 210 18 11
19 83 236 12 27
22 132 71 1 0
21 277 261 28 18
17 146 257 3 7
29 75 258 18 29
33 145 15 2 27
28 39 287 8 11
23 16 117 15 13
25 52 68 4 22
26 208 257 9 25
14 194 208 20 23
22 216 179 9 7
19 246 174 12 8
22 277 85 23 1
24 237 81 25 8
17 185 200 24 15
19 183 228 25 0
21 261 195 7 13
25 91 198 11 29
34 250 166 17 16
23 173 178 23 22
16 255 278 12 17
23 51 51 25 27
14 36 121 9 12
24 134 123 10 1
20 210 97 17 11
24 115 24 28 20
22 182 257 12 5
20 75 145 14 13
51 271 67 24 18

